M1 : [[-0.21100871, -1.99383593], [-8.00364587, 3.80027268], [ 0.18945827,  1.9613264]],
M2 : [[6.01782106, 6.42750193, -10.96554005]]